"age","total","male","female","district"
0,1113,591,522,"北"
1,969,501,468,"北"
2,819,395,424,"北"
3,870,488,382,"北"
4,719,345,374,"北"
5,657,320,337,"北"
6,651,326,325,"北"
7,630,336,294,"北"
8,547,263,284,"北"
9,504,257,247,"北"
10,564,300,264,"北"
11,573,289,284,"北"
12,590,302,288,"北"
13,628,301,327,"北"
14,582,305,277,"北"
15,584,287,297,"北"
16,548,298,250,"北"
17,606,322,284,"北"
18,736,370,366,"北"
19,787,387,400,"北"
20,914,423,491,"北"
21,1082,497,585,"北"
22,1597,725,872,"北"
23,1913,886,1027,"北"
24,1910,915,995,"北"
25,2111,1031,1080,"北"
26,2107,990,1117,"北"
27,2218,1051,1167,"北"
28,2360,1150,1210,"北"
29,2598,1251,1347,"北"
30,2490,1208,1282,"北"
31,2481,1196,1285,"北"
32,2397,1166,1231,"北"
33,2168,1062,1106,"北"
34,2327,1178,1149,"北"
35,2216,1102,1114,"北"
36,2302,1188,1114,"北"
37,2123,1031,1092,"北"
38,2267,1145,1122,"北"
39,2202,1067,1135,"北"
40,2299,1168,1131,"北"
41,2199,1157,1042,"北"
42,2142,1073,1069,"北"
43,2046,1045,1001,"北"
44,1976,959,1017,"北"
45,2018,1023,995,"北"
46,1933,972,961,"北"
47,1715,863,852,"北"
48,1492,733,759,"北"
49,1693,860,833,"北"
50,1568,766,802,"北"
51,1421,707,714,"北"
52,1445,749,696,"北"
53,1292,674,618,"北"
54,1348,700,648,"北"
55,1294,699,595,"北"
56,1280,650,630,"北"
57,1197,595,602,"北"
58,1160,583,577,"北"
59,1280,636,644,"北"
60,1125,575,550,"北"
61,1257,585,672,"北"
62,1348,691,657,"北"
63,1434,710,724,"北"
64,1550,766,784,"北"
65,1673,846,827,"北"
66,1679,739,940,"北"
67,1570,735,835,"北"
68,955,452,503,"北"
69,999,437,562,"北"
70,1212,560,652,"北"
71,1064,535,529,"北"
72,1150,503,647,"北"
73,1146,527,619,"北"
74,973,389,584,"北"
75,889,363,526,"北"
76,893,391,502,"北"
77,968,360,608,"北"
78,918,373,545,"北"
79,859,347,512,"北"
80,747,282,465,"北"
81,705,247,458,"北"
82,686,252,434,"北"
83,565,219,346,"北"
84,528,168,360,"北"
85,475,159,316,"北"
86,372,126,246,"北"
87,425,123,302,"北"
88,362,105,257,"北"
89,268,84,184,"北"
90,229,59,170,"北"
91,177,37,140,"北"
92,188,50,138,"北"
93,130,22,108,"北"
94,82,16,66,"北"
95,60,5,55,"北"
96,26,10,16,"北"
97,17,0,17,"北"
98,50,4,46,"北"
99,17,4,13,"北"
100,51,5,46,"北"
0,931,507,424,"都島"
1,890,464,426,"都島"
2,829,423,406,"都島"
3,891,444,447,"都島"
4,777,420,357,"都島"
5,772,387,385,"都島"
6,848,414,434,"都島"
7,774,381,393,"都島"
8,768,408,360,"都島"
9,741,393,348,"都島"
10,749,397,352,"都島"
11,757,382,375,"都島"
12,760,396,364,"都島"
13,781,417,364,"都島"
14,722,383,339,"都島"
15,777,394,383,"都島"
16,807,406,401,"都島"
17,786,385,401,"都島"
18,825,428,397,"都島"
19,870,435,435,"都島"
20,858,424,434,"都島"
21,976,494,482,"都島"
22,1022,484,538,"都島"
23,1193,549,644,"都島"
24,1148,533,615,"都島"
25,1319,649,670,"都島"
26,1297,615,682,"都島"
27,1429,691,738,"都島"
28,1526,722,804,"都島"
29,1402,700,702,"都島"
30,1535,747,788,"都島"
31,1504,739,765,"都島"
32,1481,701,780,"都島"
33,1409,656,753,"都島"
34,1575,786,789,"都島"
35,1538,782,756,"都島"
36,1479,718,761,"都島"
37,1661,832,829,"都島"
38,1606,755,851,"都島"
39,1668,868,800,"都島"
40,1763,885,878,"都島"
41,1797,911,886,"都島"
42,1669,791,878,"都島"
43,1739,907,832,"都島"
44,1659,845,814,"都島"
45,1583,799,784,"都島"
46,1439,677,762,"都島"
47,1547,755,792,"都島"
48,1212,597,615,"都島"
49,1387,713,674,"都島"
50,1345,685,660,"都島"
51,1335,663,672,"都島"
52,1280,624,656,"都島"
53,1277,595,682,"都島"
54,1261,580,681,"都島"
55,1315,638,677,"都島"
56,1234,574,660,"都島"
57,1124,535,589,"都島"
58,1249,602,647,"都島"
59,1328,626,702,"都島"
60,1322,677,645,"都島"
61,1302,635,667,"都島"
62,1443,741,702,"都島"
63,1432,751,681,"都島"
64,1658,892,766,"都島"
65,1740,910,830,"都島"
66,1658,818,840,"都島"
67,1580,779,801,"都島"
68,956,474,482,"都島"
69,932,461,471,"都島"
70,1175,539,636,"都島"
71,1194,569,625,"都島"
72,1225,550,675,"都島"
73,1183,537,646,"都島"
74,976,404,572,"都島"
75,923,407,516,"都島"
76,940,388,552,"都島"
77,920,391,529,"都島"
78,903,385,518,"都島"
79,853,351,502,"都島"
80,817,299,518,"都島"
81,817,331,486,"都島"
82,682,283,399,"都島"
83,634,229,405,"都島"
84,524,191,333,"都島"
85,492,157,335,"都島"
86,464,156,308,"都島"
87,372,119,253,"都島"
88,345,115,230,"都島"
89,245,63,182,"都島"
90,212,46,166,"都島"
91,142,58,84,"都島"
92,140,29,111,"都島"
93,115,26,89,"都島"
94,80,19,61,"都島"
95,61,17,44,"都島"
96,37,13,24,"都島"
97,54,10,44,"都島"
98,28,1,27,"都島"
99,19,0,19,"都島"
100,42,5,37,"都島"
0,709,349,360,"福島"
1,663,323,340,"福島"
2,618,312,306,"福島"
3,679,384,295,"福島"
4,594,332,262,"福島"
5,550,276,274,"福島"
6,550,272,278,"福島"
7,561,293,268,"福島"
8,523,275,248,"福島"
9,512,256,256,"福島"
10,491,242,249,"福島"
11,508,248,260,"福島"
12,487,244,243,"福島"
13,524,265,259,"福島"
14,457,229,228,"福島"
15,448,205,243,"福島"
16,443,212,231,"福島"
17,461,237,224,"福島"
18,462,237,225,"福島"
19,582,268,314,"福島"
20,522,270,252,"福島"
21,593,265,328,"福島"
22,782,353,429,"福島"
23,952,419,533,"福島"
24,982,453,529,"福島"
25,1044,496,548,"福島"
26,1113,503,610,"福島"
27,1221,558,663,"福島"
28,1190,544,646,"福島"
29,1313,604,709,"福島"
30,1311,627,684,"福島"
31,1341,629,712,"福島"
32,1271,584,687,"福島"
33,1292,625,667,"福島"
34,1309,609,700,"福島"
35,1287,630,657,"福島"
36,1297,587,710,"福島"
37,1407,649,758,"福島"
38,1328,615,713,"福島"
39,1347,658,689,"福島"
40,1445,685,760,"福島"
41,1441,703,738,"福島"
42,1318,653,665,"福島"
43,1254,630,624,"福島"
44,1160,563,597,"福島"
45,1107,552,555,"福島"
46,1100,543,557,"福島"
47,1013,537,476,"福島"
48,811,396,415,"福島"
49,961,498,463,"福島"
50,871,455,416,"福島"
51,907,429,478,"福島"
52,803,407,396,"福島"
53,867,420,447,"福島"
54,791,414,377,"福島"
55,745,361,384,"福島"
56,657,339,318,"福島"
57,620,310,310,"福島"
58,655,335,320,"福島"
59,638,318,320,"福島"
60,637,311,326,"福島"
61,728,344,384,"福島"
62,800,360,440,"福島"
63,842,443,399,"福島"
64,820,383,437,"福島"
65,1083,500,583,"福島"
66,975,445,530,"福島"
67,965,470,495,"福島"
68,550,241,309,"福島"
69,612,306,306,"福島"
70,750,331,419,"福島"
71,633,272,361,"福島"
72,683,293,390,"福島"
73,713,326,387,"福島"
74,636,272,364,"福島"
75,543,213,330,"福島"
76,534,240,294,"福島"
77,580,224,356,"福島"
78,568,223,345,"福島"
79,533,233,300,"福島"
80,513,170,343,"福島"
81,470,174,296,"福島"
82,476,201,275,"福島"
83,389,150,239,"福島"
84,316,112,204,"福島"
85,325,109,216,"福島"
86,279,84,195,"福島"
87,214,72,142,"福島"
88,219,55,164,"福島"
89,134,38,96,"福島"
90,146,47,99,"福島"
91,122,32,90,"福島"
92,106,17,89,"福島"
93,68,18,50,"福島"
94,68,12,56,"福島"
95,21,6,15,"福島"
96,29,2,27,"福島"
97,28,4,24,"福島"
98,10,0,10,"福島"
99,0,0,0,"福島"
100,20,5,15,"福島"
0,610,308,302,"此花"
1,619,313,306,"此花"
2,638,328,310,"此花"
3,576,319,257,"此花"
4,550,294,256,"此花"
5,541,275,266,"此花"
6,532,279,253,"此花"
7,509,262,247,"此花"
8,471,247,224,"此花"
9,484,243,241,"此花"
10,514,257,257,"此花"
11,520,261,259,"此花"
12,482,240,242,"此花"
13,497,263,234,"此花"
14,514,250,264,"此花"
15,591,294,297,"此花"
16,568,281,287,"此花"
17,565,298,267,"此花"
18,631,307,324,"此花"
19,629,314,315,"此花"
20,643,329,314,"此花"
21,673,321,352,"此花"
22,674,361,313,"此花"
23,715,358,357,"此花"
24,741,406,335,"此花"
25,685,365,320,"此花"
26,743,368,375,"此花"
27,722,406,316,"此花"
28,705,322,383,"此花"
29,718,379,339,"此花"
30,780,359,421,"此花"
31,841,385,456,"此花"
32,904,439,465,"此花"
33,826,403,423,"此花"
34,865,470,395,"此花"
35,850,397,453,"此花"
36,888,433,455,"此花"
37,898,451,447,"此花"
38,960,505,455,"此花"
39,1020,516,504,"此花"
40,1171,630,541,"此花"
41,1175,567,608,"此花"
42,996,524,472,"此花"
43,1018,518,500,"此花"
44,1023,530,493,"此花"
45,1027,507,520,"此花"
46,995,523,472,"此花"
47,968,496,472,"此花"
48,794,434,360,"此花"
49,913,459,454,"此花"
50,920,433,487,"此花"
51,841,456,385,"此花"
52,763,360,403,"此花"
53,782,393,389,"此花"
54,773,385,388,"此花"
55,786,416,370,"此花"
56,716,372,344,"此花"
57,697,344,353,"此花"
58,645,353,292,"此花"
59,753,370,383,"此花"
60,771,422,349,"此花"
61,818,410,408,"此花"
62,892,471,421,"此花"
63,921,465,456,"此花"
64,1048,509,539,"此花"
65,1151,561,590,"此花"
66,1187,584,603,"此花"
67,1009,490,519,"此花"
68,593,272,321,"此花"
69,699,315,384,"此花"
70,923,460,463,"此花"
71,835,386,449,"此花"
72,934,411,523,"此花"
73,882,402,480,"此花"
74,785,332,453,"此花"
75,696,289,407,"此花"
76,732,297,435,"此花"
77,755,326,429,"此花"
78,691,297,394,"此花"
79,683,279,404,"此花"
80,566,239,327,"此花"
81,532,204,328,"此花"
82,476,165,311,"此花"
83,453,174,279,"此花"
84,409,135,274,"此花"
85,345,121,224,"此花"
86,310,109,201,"此花"
87,231,77,154,"此花"
88,211,67,144,"此花"
89,229,63,166,"此花"
90,154,48,106,"此花"
91,103,15,88,"此花"
92,113,40,73,"此花"
93,85,15,70,"此花"
94,74,18,56,"此花"
95,38,6,32,"此花"
96,33,4,29,"此花"
97,25,13,12,"此花"
98,11,0,11,"此花"
99,6,5,1,"此花"
100,28,4,24,"此花"
0,808,416,392,"中央"
1,827,417,410,"中央"
2,654,321,333,"中央"
3,618,308,310,"中央"
4,559,272,287,"中央"
5,495,273,222,"中央"
6,464,245,219,"中央"
7,467,227,240,"中央"
8,392,201,191,"中央"
9,377,189,188,"中央"
10,385,211,174,"中央"
11,381,201,180,"中央"
12,390,182,208,"中央"
13,408,198,210,"中央"
14,369,200,169,"中央"
15,393,177,216,"中央"
16,410,210,200,"中央"
17,367,186,181,"中央"
18,557,253,304,"中央"
19,551,245,306,"中央"
20,751,338,413,"中央"
21,856,346,510,"中央"
22,1269,503,766,"中央"
23,1614,720,894,"中央"
24,1659,695,964,"中央"
25,1655,750,905,"中央"
26,1744,758,986,"中央"
27,1952,898,1054,"中央"
28,2030,913,1117,"中央"
29,2110,1018,1092,"中央"
30,2098,1000,1098,"中央"
31,2088,952,1136,"中央"
32,1905,880,1025,"中央"
33,1947,960,987,"中央"
34,1860,933,927,"中央"
35,1796,822,974,"中央"
36,1877,889,988,"中央"
37,1839,845,994,"中央"
38,1707,775,932,"中央"
39,1652,770,882,"中央"
40,1794,875,919,"中央"
41,1740,829,911,"中央"
42,1655,793,862,"中央"
43,1512,700,812,"中央"
44,1530,754,776,"中央"
45,1470,676,794,"中央"
46,1523,735,788,"中央"
47,1422,723,699,"中央"
48,1096,561,535,"中央"
49,1273,622,651,"中央"
50,1210,584,626,"中央"
51,1107,526,581,"中央"
52,1070,580,490,"中央"
53,1004,492,512,"中央"
54,957,470,487,"中央"
55,983,520,463,"中央"
56,876,407,469,"中央"
57,915,430,485,"中央"
58,862,416,446,"中央"
59,863,418,445,"中央"
60,860,422,438,"中央"
61,820,421,399,"中央"
62,972,523,449,"中央"
63,988,539,449,"中央"
64,990,489,501,"中央"
65,1100,563,537,"中央"
66,1090,549,541,"中央"
67,1078,510,568,"中央"
68,569,267,302,"中央"
69,606,291,315,"中央"
70,792,381,411,"中央"
71,754,316,438,"中央"
72,761,368,393,"中央"
73,712,307,405,"中央"
74,612,253,359,"中央"
75,583,251,332,"中央"
76,518,190,328,"中央"
77,622,253,369,"中央"
78,581,226,355,"中央"
79,510,213,297,"中央"
80,524,195,329,"中央"
81,423,158,265,"中央"
82,414,153,261,"中央"
83,424,149,275,"中央"
84,319,117,202,"中央"
85,373,119,254,"中央"
86,316,111,205,"中央"
87,242,75,167,"中央"
88,224,74,150,"中央"
89,193,51,142,"中央"
90,133,32,101,"中央"
91,129,34,95,"中央"
92,114,14,100,"中央"
93,85,22,63,"中央"
94,65,11,54,"中央"
95,54,12,42,"中央"
96,31,5,26,"中央"
97,33,8,25,"中央"
98,15,1,14,"中央"
99,11,3,8,"中央"
100,30,6,24,"中央"
0,1011,522,489,"西"
1,988,505,483,"西"
2,823,456,367,"西"
3,810,396,414,"西"
4,728,378,350,"西"
5,601,324,277,"西"
6,688,325,363,"西"
7,595,301,294,"西"
8,552,289,263,"西"
9,532,275,257,"西"
10,510,263,247,"西"
11,507,240,267,"西"
12,568,303,265,"西"
13,531,277,254,"西"
14,561,274,287,"西"
15,493,255,238,"西"
16,511,246,265,"西"
17,517,244,273,"西"
18,582,300,282,"西"
19,557,291,266,"西"
20,699,299,400,"西"
21,765,359,406,"西"
22,1106,560,546,"西"
23,1328,658,670,"西"
24,1421,663,758,"西"
25,1637,771,866,"西"
26,1572,688,884,"西"
27,1892,855,1037,"西"
28,1907,847,1060,"西"
29,2110,945,1165,"西"
30,2282,1064,1218,"西"
31,2248,1047,1201,"西"
32,2182,1004,1178,"西"
33,2100,1054,1046,"西"
34,2145,1075,1070,"西"
35,2047,941,1106,"西"
36,2026,978,1048,"西"
37,1841,842,999,"西"
38,1943,946,997,"西"
39,1810,882,928,"西"
40,1950,902,1048,"西"
41,1707,828,879,"西"
42,1709,846,863,"西"
43,1533,712,821,"西"
44,1556,780,776,"西"
45,1448,712,736,"西"
46,1402,686,716,"西"
47,1284,643,641,"西"
48,982,473,509,"西"
49,1147,566,581,"西"
50,1023,509,514,"西"
51,1050,528,522,"西"
52,952,460,492,"西"
53,919,436,483,"西"
54,898,456,442,"西"
55,864,429,435,"西"
56,872,442,430,"西"
57,782,370,412,"西"
58,844,398,446,"西"
59,784,380,404,"西"
60,835,394,441,"西"
61,897,433,464,"西"
62,910,441,469,"西"
63,955,463,492,"西"
64,900,465,435,"西"
65,1138,569,569,"西"
66,1128,568,560,"西"
67,1022,504,518,"西"
68,586,284,302,"西"
69,655,278,377,"西"
70,756,349,407,"西"
71,710,336,374,"西"
72,733,320,413,"西"
73,708,308,400,"西"
74,612,257,355,"西"
75,543,237,306,"西"
76,549,258,291,"西"
77,560,239,321,"西"
78,544,220,324,"西"
79,460,175,285,"西"
80,444,156,288,"西"
81,441,168,273,"西"
82,453,195,258,"西"
83,363,120,243,"西"
84,318,109,209,"西"
85,302,107,195,"西"
86,285,98,187,"西"
87,239,66,173,"西"
88,235,71,164,"西"
89,174,42,132,"西"
90,158,44,114,"西"
91,139,34,105,"西"
92,98,15,83,"西"
93,70,22,48,"西"
94,85,18,67,"西"
95,43,8,35,"西"
96,44,8,36,"西"
97,19,0,19,"西"
98,20,3,17,"西"
99,13,3,10,"西"
100,35,3,32,"西"
0,573,273,300,"港"
1,590,321,269,"港"
2,566,282,284,"港"
3,597,295,302,"港"
4,630,320,310,"港"
5,602,317,285,"港"
6,646,318,328,"港"
7,623,301,322,"港"
8,595,298,297,"港"
9,551,275,276,"港"
10,628,312,316,"港"
11,585,326,259,"港"
12,656,326,330,"港"
13,643,345,298,"港"
14,622,323,299,"港"
15,671,338,333,"港"
16,684,345,339,"港"
17,691,366,325,"港"
18,698,345,353,"港"
19,709,367,342,"港"
20,815,407,408,"港"
21,803,400,403,"港"
22,923,434,489,"港"
23,946,463,483,"港"
24,965,485,480,"港"
25,996,475,521,"港"
26,962,464,498,"港"
27,1043,507,536,"港"
28,975,470,505,"港"
29,1067,526,541,"港"
30,1081,566,515,"港"
31,986,479,507,"港"
32,1045,534,511,"港"
33,1042,548,494,"港"
34,946,466,480,"港"
35,1077,544,533,"港"
36,1052,525,527,"港"
37,1090,540,550,"港"
38,1137,576,561,"港"
39,1188,629,559,"港"
40,1359,666,693,"港"
41,1321,660,661,"港"
42,1321,667,654,"港"
43,1293,672,621,"港"
44,1288,651,637,"港"
45,1219,638,581,"港"
46,1189,594,595,"港"
47,1152,583,569,"港"
48,957,484,473,"港"
49,1150,574,576,"港"
50,1057,510,547,"港"
51,1003,498,505,"港"
52,980,515,465,"港"
53,963,508,455,"港"
54,969,499,470,"港"
55,978,506,472,"港"
56,839,433,406,"港"
57,826,407,419,"港"
58,900,472,428,"港"
59,941,509,432,"港"
60,919,511,408,"港"
61,910,481,429,"港"
62,1089,592,497,"港"
63,1112,577,535,"港"
64,1270,628,642,"港"
65,1371,725,646,"港"
66,1398,647,751,"港"
67,1354,640,714,"港"
68,794,389,405,"港"
69,856,406,450,"港"
70,1093,522,571,"港"
71,1081,511,570,"港"
72,1187,580,607,"港"
73,1219,565,654,"港"
74,961,431,530,"港"
75,882,414,468,"港"
76,927,406,521,"港"
77,938,439,499,"港"
78,879,370,509,"港"
79,810,341,469,"港"
80,785,298,487,"港"
81,735,304,431,"港"
82,653,251,402,"港"
83,586,249,337,"港"
84,496,194,302,"港"
85,460,153,307,"港"
86,379,135,244,"港"
87,350,126,224,"港"
88,282,86,196,"港"
89,267,75,192,"港"
90,183,49,134,"港"
91,135,26,109,"港"
92,145,49,96,"港"
93,64,19,45,"港"
94,102,18,84,"港"
95,48,9,39,"港"
96,47,6,41,"港"
97,30,3,27,"港"
98,28,9,19,"港"
99,26,5,21,"港"
100,30,1,29,"港"
0,441,212,229,"大正"
1,428,217,211,"大正"
2,453,252,201,"大正"
3,466,217,249,"大正"
4,499,261,238,"大正"
5,437,225,212,"大正"
6,486,240,246,"大正"
7,529,248,281,"大正"
8,500,273,227,"大正"
9,504,266,238,"大正"
10,513,273,240,"大正"
11,567,295,272,"大正"
12,579,288,291,"大正"
13,614,334,280,"大正"
14,590,299,291,"大正"
15,604,299,305,"大正"
16,639,342,297,"大正"
17,593,306,287,"大正"
18,620,314,306,"大正"
19,588,286,302,"大正"
20,618,342,276,"大正"
21,624,317,307,"大正"
22,570,298,272,"大正"
23,636,319,317,"大正"
24,625,358,267,"大正"
25,663,362,301,"大正"
26,626,322,304,"大正"
27,648,371,277,"大正"
28,697,384,313,"大正"
29,665,323,342,"大正"
30,691,361,330,"大正"
31,679,327,352,"大正"
32,634,299,335,"大正"
33,677,341,336,"大正"
34,739,384,355,"大正"
35,719,361,358,"大正"
36,769,383,386,"大正"
37,755,377,378,"大正"
38,823,410,413,"大正"
39,946,500,446,"大正"
40,965,482,483,"大正"
41,1020,524,496,"大正"
42,1055,546,509,"大正"
43,962,499,463,"大正"
44,1005,512,493,"大正"
45,974,500,474,"大正"
46,955,475,480,"大正"
47,929,435,494,"大正"
48,727,397,330,"大正"
49,951,499,452,"大正"
50,816,386,430,"大正"
51,816,416,400,"大正"
52,821,405,416,"大正"
53,783,403,380,"大正"
54,781,410,371,"大正"
55,737,371,366,"大正"
56,741,356,385,"大正"
57,717,347,370,"大正"
58,766,391,375,"大正"
59,785,412,373,"大正"
60,869,475,394,"大正"
61,929,473,456,"大正"
62,965,486,479,"大正"
63,1119,582,537,"大正"
64,1155,580,575,"大正"
65,1291,613,678,"大正"
66,1324,679,645,"大正"
67,1235,650,585,"大正"
68,769,382,387,"大正"
69,812,380,432,"大正"
70,1013,482,531,"大正"
71,994,484,510,"大正"
72,1065,460,605,"大正"
73,1036,474,562,"大正"
74,911,409,502,"大正"
75,797,350,447,"大正"
76,761,327,434,"大正"
77,815,367,448,"大正"
78,799,329,470,"大正"
79,666,275,391,"大正"
80,632,266,366,"大正"
81,540,229,311,"大正"
82,516,205,311,"大正"
83,467,185,282,"大正"
84,450,164,286,"大正"
85,377,129,248,"大正"
86,336,118,218,"大正"
87,284,97,187,"大正"
88,253,80,173,"大正"
89,224,64,160,"大正"
90,177,50,127,"大正"
91,154,38,116,"大正"
92,103,22,81,"大正"
93,109,11,98,"大正"
94,100,20,80,"大正"
95,77,25,52,"大正"
96,42,0,42,"大正"
97,45,5,40,"大正"
98,25,7,18,"大正"
99,23,1,22,"大正"
100,48,11,37,"大正"
0,744,390,354,"天王寺"
1,672,343,329,"天王寺"
2,664,348,316,"天王寺"
3,710,354,356,"天王寺"
4,637,315,322,"天王寺"
5,609,314,295,"天王寺"
6,637,350,287,"天王寺"
7,623,334,289,"天王寺"
8,634,315,319,"天王寺"
9,538,279,259,"天王寺"
10,537,288,249,"天王寺"
11,612,328,284,"天王寺"
12,635,328,307,"天王寺"
13,631,327,304,"天王寺"
14,625,328,297,"天王寺"
15,551,285,266,"天王寺"
16,630,314,316,"天王寺"
17,566,303,263,"天王寺"
18,654,318,336,"天王寺"
19,653,312,341,"天王寺"
20,759,358,401,"天王寺"
21,716,311,405,"天王寺"
22,864,367,497,"天王寺"
23,966,443,523,"天王寺"
24,958,408,550,"天王寺"
25,966,408,558,"天王寺"
26,954,451,503,"天王寺"
27,1096,518,578,"天王寺"
28,1014,492,522,"天王寺"
29,1148,551,597,"天王寺"
30,1132,509,623,"天王寺"
31,1204,558,646,"天王寺"
32,1114,493,621,"天王寺"
33,1060,517,543,"天王寺"
34,1175,544,631,"天王寺"
35,1130,551,579,"天王寺"
36,1149,536,613,"天王寺"
37,1195,572,623,"天王寺"
38,1255,594,661,"天王寺"
39,1145,530,615,"天王寺"
40,1245,544,701,"天王寺"
41,1321,618,703,"天王寺"
42,1170,580,590,"天王寺"
43,1234,582,652,"天王寺"
44,1205,544,661,"天王寺"
45,1264,606,658,"天王寺"
46,1198,535,663,"天王寺"
47,1143,522,621,"天王寺"
48,893,418,475,"天王寺"
49,1088,529,559,"天王寺"
50,1073,518,555,"天王寺"
51,1046,472,574,"天王寺"
52,984,465,519,"天王寺"
53,933,440,493,"天王寺"
54,947,461,486,"天王寺"
55,836,400,436,"天王寺"
56,886,414,472,"天王寺"
57,750,373,377,"天王寺"
58,754,354,400,"天王寺"
59,768,357,411,"天王寺"
60,802,377,425,"天王寺"
61,778,381,397,"天王寺"
62,827,409,418,"天王寺"
63,804,395,409,"天王寺"
64,888,437,451,"天王寺"
65,956,474,482,"天王寺"
66,978,459,519,"天王寺"
67,929,427,502,"天王寺"
68,574,265,309,"天王寺"
69,523,215,308,"天王寺"
70,701,310,391,"天王寺"
71,641,274,367,"天王寺"
72,691,295,396,"天王寺"
73,670,281,389,"天王寺"
74,580,267,313,"天王寺"
75,480,192,288,"天王寺"
76,576,239,337,"天王寺"
77,610,234,376,"天王寺"
78,527,199,328,"天王寺"
79,540,216,324,"天王寺"
80,489,188,301,"天王寺"
81,507,199,308,"天王寺"
82,408,143,265,"天王寺"
83,435,163,272,"天王寺"
84,369,111,258,"天王寺"
85,335,111,224,"天王寺"
86,277,88,189,"天王寺"
87,292,97,195,"天王寺"
88,236,67,169,"天王寺"
89,214,64,150,"天王寺"
90,135,44,91,"天王寺"
91,140,31,109,"天王寺"
92,121,25,96,"天王寺"
93,89,14,75,"天王寺"
94,92,13,79,"天王寺"
95,28,4,24,"天王寺"
96,47,14,33,"天王寺"
97,27,0,27,"天王寺"
98,19,5,14,"天王寺"
99,18,0,18,"天王寺"
100,30,7,23,"天王寺"
0,530,279,251,"浪速"
1,436,239,197,"浪速"
2,453,238,215,"浪速"
3,334,169,165,"浪速"
4,239,110,129,"浪速"
5,270,146,124,"浪速"
6,223,124,99,"浪速"
7,187,96,91,"浪速"
8,222,114,108,"浪速"
9,199,100,99,"浪速"
10,214,106,108,"浪速"
11,205,112,93,"浪速"
12,209,110,99,"浪速"
13,237,107,130,"浪速"
14,189,84,105,"浪速"
15,223,114,109,"浪速"
16,247,130,117,"浪速"
17,269,135,134,"浪速"
18,410,203,207,"浪速"
19,524,241,283,"浪速"
20,704,305,399,"浪速"
21,932,388,544,"浪速"
22,1198,555,643,"浪速"
23,1463,619,844,"浪速"
24,1414,655,759,"浪速"
25,1607,743,864,"浪速"
26,1660,761,899,"浪速"
27,1605,807,798,"浪速"
28,1737,865,872,"浪速"
29,1834,965,869,"浪速"
30,1663,877,786,"浪速"
31,1557,766,791,"浪速"
32,1359,727,632,"浪速"
33,1354,741,613,"浪速"
34,1230,655,575,"浪速"
35,1213,610,603,"浪速"
36,1125,632,493,"浪速"
37,1073,624,449,"浪速"
38,996,541,455,"浪速"
39,967,518,449,"浪速"
40,1083,548,535,"浪速"
41,1076,576,500,"浪速"
42,898,488,410,"浪速"
43,920,527,393,"浪速"
44,842,470,372,"浪速"
45,877,519,358,"浪速"
46,837,436,401,"浪速"
47,771,424,347,"浪速"
48,586,300,286,"浪速"
49,715,359,356,"浪速"
50,743,423,320,"浪速"
51,684,375,309,"浪速"
52,657,343,314,"浪速"
53,618,348,270,"浪速"
54,651,342,309,"浪速"
55,633,335,298,"浪速"
56,592,306,286,"浪速"
57,618,318,300,"浪速"
58,579,294,285,"浪速"
59,632,324,308,"浪速"
60,643,369,274,"浪速"
61,688,374,314,"浪速"
62,715,397,318,"浪速"
63,875,530,345,"浪速"
64,963,541,422,"浪速"
65,921,531,390,"浪速"
66,907,508,399,"浪速"
67,889,484,405,"浪速"
68,563,313,250,"浪速"
69,560,299,261,"浪速"
70,714,326,388,"浪速"
71,644,325,319,"浪速"
72,732,396,336,"浪速"
73,710,355,355,"浪速"
74,575,255,320,"浪速"
75,499,230,269,"浪速"
76,549,254,295,"浪速"
77,576,252,324,"浪速"
78,566,244,322,"浪速"
79,468,207,261,"浪速"
80,417,196,221,"浪速"
81,418,178,240,"浪速"
82,324,136,188,"浪速"
83,291,108,183,"浪速"
84,263,89,174,"浪速"
85,230,58,172,"浪速"
86,196,85,111,"浪速"
87,221,59,162,"浪速"
88,191,64,127,"浪速"
89,126,33,93,"浪速"
90,99,23,76,"浪速"
91,123,32,91,"浪速"
92,64,12,52,"浪速"
93,56,19,37,"浪速"
94,66,8,58,"浪速"
95,28,6,22,"浪速"
96,26,7,19,"浪速"
97,22,2,20,"浪速"
98,34,8,26,"浪速"
99,14,0,14,"浪速"
100,24,5,19,"浪速"
0,786,405,381,"西淀川"
1,776,379,397,"西淀川"
2,802,399,403,"西淀川"
3,837,457,380,"西淀川"
4,745,376,369,"西淀川"
5,847,455,392,"西淀川"
6,812,409,403,"西淀川"
7,837,431,406,"西淀川"
8,849,420,429,"西淀川"
9,859,449,410,"西淀川"
10,916,471,445,"西淀川"
11,905,456,449,"西淀川"
12,949,468,481,"西淀川"
13,940,484,456,"西淀川"
14,922,481,441,"西淀川"
15,903,479,424,"西淀川"
16,898,446,452,"西淀川"
17,857,418,439,"西淀川"
18,873,446,427,"西淀川"
19,958,481,477,"西淀川"
20,925,505,420,"西淀川"
21,863,461,402,"西淀川"
22,952,480,472,"西淀川"
23,956,469,487,"西淀川"
24,937,501,436,"西淀川"
25,1005,538,467,"西淀川"
26,1114,588,526,"西淀川"
27,1032,523,509,"西淀川"
28,1141,614,527,"西淀川"
29,1110,545,565,"西淀川"
30,1024,563,461,"西淀川"
31,1114,557,557,"西淀川"
32,1195,595,600,"西淀川"
33,1089,512,577,"西淀川"
34,1325,677,648,"西淀川"
35,1192,570,622,"西淀川"
36,1300,638,662,"西淀川"
37,1412,743,669,"西淀川"
38,1425,726,699,"西淀川"
39,1555,808,747,"西淀川"
40,1686,896,790,"西淀川"
41,1702,881,821,"西淀川"
42,1811,967,844,"西淀川"
43,1690,897,793,"西淀川"
44,1651,845,806,"西淀川"
45,1549,799,750,"西淀川"
46,1486,741,745,"西淀川"
47,1408,735,673,"西淀川"
48,1164,601,563,"西淀川"
49,1418,737,681,"西淀川"
50,1230,640,590,"西淀川"
51,1189,592,597,"西淀川"
52,1157,572,585,"西淀川"
53,1094,553,541,"西淀川"
54,1071,547,524,"西淀川"
55,1011,519,492,"西淀川"
56,1014,544,470,"西淀川"
57,985,493,492,"西淀川"
58,1062,512,550,"西淀川"
59,1031,522,509,"西淀川"
60,996,505,491,"西淀川"
61,1160,622,538,"西淀川"
62,1307,707,600,"西淀川"
63,1413,703,710,"西淀川"
64,1438,739,699,"西淀川"
65,1625,811,814,"西淀川"
66,1583,792,791,"西淀川"
67,1513,751,762,"西淀川"
68,884,418,466,"西淀川"
69,1017,513,504,"西淀川"
70,1196,574,622,"西淀川"
71,1175,544,631,"西淀川"
72,1232,568,664,"西淀川"
73,1167,530,637,"西淀川"
74,1115,521,594,"西淀川"
75,870,379,491,"西淀川"
76,907,402,505,"西淀川"
77,936,382,554,"西淀川"
78,993,441,552,"西淀川"
79,846,363,483,"西淀川"
80,715,292,423,"西淀川"
81,685,283,402,"西淀川"
82,666,250,416,"西淀川"
83,571,219,352,"西淀川"
84,489,164,325,"西淀川"
85,460,165,295,"西淀川"
86,379,117,262,"西淀川"
87,391,131,260,"西淀川"
88,373,133,240,"西淀川"
89,277,90,187,"西淀川"
90,223,47,176,"西淀川"
91,185,36,149,"西淀川"
92,172,57,115,"西淀川"
93,106,21,85,"西淀川"
94,106,17,89,"西淀川"
95,68,12,56,"西淀川"
96,49,6,43,"西淀川"
97,35,5,30,"西淀川"
98,56,12,44,"西淀川"
99,9,4,5,"西淀川"
100,62,3,59,"西淀川"
0,1436,724,712,"淀川"
1,1414,728,686,"淀川"
2,1346,682,664,"淀川"
3,1301,699,602,"淀川"
4,1219,610,609,"淀川"
5,1166,637,529,"淀川"
6,1184,608,576,"淀川"
7,1186,634,552,"淀川"
8,1066,547,519,"淀川"
9,1119,594,525,"淀川"
10,1176,611,565,"淀川"
11,1094,521,573,"淀川"
12,1135,578,557,"淀川"
13,1195,587,608,"淀川"
14,1161,559,602,"淀川"
15,1174,590,584,"淀川"
16,1211,628,583,"淀川"
17,1212,596,616,"淀川"
18,1264,637,627,"淀川"
19,1378,674,704,"淀川"
20,1543,723,820,"淀川"
21,1565,739,826,"淀川"
22,2164,1001,1163,"淀川"
23,2564,1212,1352,"淀川"
24,2552,1305,1247,"淀川"
25,2819,1451,1368,"淀川"
26,2684,1346,1338,"淀川"
27,2948,1533,1415,"淀川"
28,2623,1333,1290,"淀川"
29,2895,1442,1453,"淀川"
30,2949,1534,1415,"淀川"
31,2789,1432,1357,"淀川"
32,2783,1403,1380,"淀川"
33,2755,1421,1334,"淀川"
34,2649,1314,1335,"淀川"
35,2551,1308,1243,"淀川"
36,2746,1451,1295,"淀川"
37,2574,1261,1313,"淀川"
38,2699,1401,1298,"淀川"
39,2892,1452,1440,"淀川"
40,3070,1583,1487,"淀川"
41,3038,1586,1452,"淀川"
42,3005,1552,1453,"淀川"
43,2787,1397,1390,"淀川"
44,2705,1388,1317,"淀川"
45,2757,1483,1274,"淀川"
46,2542,1309,1233,"淀川"
47,2478,1289,1189,"淀川"
48,2065,1082,983,"淀川"
49,2350,1239,1111,"淀川"
50,2208,1194,1014,"淀川"
51,2139,1122,1017,"淀川"
52,2145,1113,1032,"淀川"
53,1992,1029,963,"淀川"
54,2013,1055,958,"淀川"
55,1986,1078,908,"淀川"
56,1961,1004,957,"淀川"
57,1793,959,834,"淀川"
58,1898,997,901,"淀川"
59,1972,996,976,"淀川"
60,1818,959,859,"淀川"
61,2015,982,1033,"淀川"
62,2139,1085,1054,"淀川"
63,2249,1185,1064,"淀川"
64,2471,1307,1164,"淀川"
65,2863,1467,1396,"淀川"
66,2862,1448,1414,"淀川"
67,2720,1323,1397,"淀川"
68,1506,747,759,"淀川"
69,1757,795,962,"淀川"
70,1993,920,1073,"淀川"
71,1938,871,1067,"淀川"
72,2122,956,1166,"淀川"
73,2136,960,1176,"淀川"
74,1700,740,960,"淀川"
75,1425,578,847,"淀川"
76,1505,640,865,"淀川"
77,1646,678,968,"淀川"
78,1499,580,919,"淀川"
79,1423,605,818,"淀川"
80,1239,505,734,"淀川"
81,1176,439,737,"淀川"
82,1073,404,669,"淀川"
83,1016,398,618,"淀川"
84,782,252,530,"淀川"
85,713,268,445,"淀川"
86,657,211,446,"淀川"
87,631,195,436,"淀川"
88,496,152,344,"淀川"
89,400,128,272,"淀川"
90,326,99,227,"淀川"
91,280,77,203,"淀川"
92,224,46,178,"淀川"
93,193,45,148,"淀川"
94,154,32,122,"淀川"
95,82,19,63,"淀川"
96,80,21,59,"淀川"
97,70,0,70,"淀川"
98,43,2,41,"淀川"
99,30,4,26,"淀川"
100,33,2,31,"淀川"
0,1369,676,693,"東淀川"
1,1389,727,662,"東淀川"
2,1338,693,645,"東淀川"
3,1304,637,667,"東淀川"
4,1269,663,606,"東淀川"
5,1306,643,663,"東淀川"
6,1189,591,598,"東淀川"
7,1200,605,595,"東淀川"
8,1121,619,502,"東淀川"
9,1108,563,545,"東淀川"
10,1135,542,593,"東淀川"
11,1195,595,600,"東淀川"
12,1280,672,608,"東淀川"
13,1252,647,605,"東淀川"
14,1348,684,664,"東淀川"
15,1441,738,703,"東淀川"
16,1384,688,696,"東淀川"
17,1365,700,665,"東淀川"
18,1564,784,780,"東淀川"
19,1735,871,864,"東淀川"
20,1894,920,974,"東淀川"
21,2010,1012,998,"東淀川"
22,2510,1197,1313,"東淀川"
23,2845,1388,1457,"東淀川"
24,2804,1465,1339,"東淀川"
25,2936,1497,1439,"東淀川"
26,2903,1468,1435,"東淀川"
27,2683,1399,1284,"東淀川"
28,2697,1379,1318,"東淀川"
29,2792,1439,1353,"東淀川"
30,2668,1364,1304,"東淀川"
31,2738,1381,1357,"東淀川"
32,2625,1367,1258,"東淀川"
33,2551,1321,1230,"東淀川"
34,2487,1274,1213,"東淀川"
35,2507,1307,1200,"東淀川"
36,2443,1220,1223,"東淀川"
37,2557,1390,1167,"東淀川"
38,2464,1277,1187,"東淀川"
39,2575,1302,1273,"東淀川"
40,2896,1493,1403,"東淀川"
41,2812,1412,1400,"東淀川"
42,2755,1434,1321,"東淀川"
43,2765,1419,1346,"東淀川"
44,2801,1424,1377,"東淀川"
45,2504,1264,1240,"東淀川"
46,2573,1334,1239,"東淀川"
47,2434,1203,1231,"東淀川"
48,1941,978,963,"東淀川"
49,2318,1175,1143,"東淀川"
50,2229,1133,1096,"東淀川"
51,2117,1000,1117,"東淀川"
52,1951,978,973,"東淀川"
53,1913,1013,900,"東淀川"
54,1898,1005,893,"東淀川"
55,1854,980,874,"東淀川"
56,1789,927,862,"東淀川"
57,1625,824,801,"東淀川"
58,1729,892,837,"東淀川"
59,1794,956,838,"東淀川"
60,1817,955,862,"東淀川"
61,1917,963,954,"東淀川"
62,2099,1067,1032,"東淀川"
63,2233,1158,1075,"東淀川"
64,2471,1223,1248,"東淀川"
65,2778,1401,1377,"東淀川"
66,2663,1354,1309,"東淀川"
67,2619,1249,1370,"東淀川"
68,1551,743,808,"東淀川"
69,1644,780,864,"東淀川"
70,2166,1014,1152,"東淀川"
71,2041,928,1113,"東淀川"
72,2204,990,1214,"東淀川"
73,2232,1000,1232,"東淀川"
74,1930,904,1026,"東淀川"
75,1602,679,923,"東淀川"
76,1654,724,930,"東淀川"
77,1798,752,1046,"東淀川"
78,1710,716,994,"東淀川"
79,1449,589,860,"東淀川"
80,1267,510,757,"東淀川"
81,1210,475,735,"東淀川"
82,1216,465,751,"東淀川"
83,993,343,650,"東淀川"
84,883,311,572,"東淀川"
85,830,323,507,"東淀川"
86,655,192,463,"東淀川"
87,616,199,417,"東淀川"
88,520,158,362,"東淀川"
89,398,119,279,"東淀川"
90,359,100,259,"東淀川"
91,280,67,213,"東淀川"
92,231,41,190,"東淀川"
93,145,38,107,"東淀川"
94,173,28,145,"東淀川"
95,110,26,84,"東淀川"
96,59,12,47,"東淀川"
97,78,12,66,"東淀川"
98,46,7,39,"東淀川"
99,49,5,44,"東淀川"
100,54,9,45,"東淀川"
0,646,336,310,"東成"
1,595,323,272,"東成"
2,643,330,313,"東成"
3,583,312,271,"東成"
4,603,307,296,"東成"
5,533,299,234,"東成"
6,562,289,273,"東成"
7,600,282,318,"東成"
8,550,274,276,"東成"
9,565,280,285,"東成"
10,569,291,278,"東成"
11,653,328,325,"東成"
12,613,331,282,"東成"
13,632,309,323,"東成"
14,640,347,293,"東成"
15,678,334,344,"東成"
16,630,316,314,"東成"
17,585,309,276,"東成"
18,604,308,296,"東成"
19,693,359,334,"東成"
20,740,362,378,"東成"
21,707,346,361,"東成"
22,854,399,455,"東成"
23,949,473,476,"東成"
24,932,440,492,"東成"
25,1052,493,559,"東成"
26,1041,510,531,"東成"
27,1065,540,525,"東成"
28,1070,484,586,"東成"
29,1122,599,523,"東成"
30,1106,515,591,"東成"
31,1110,533,577,"東成"
32,1128,550,578,"東成"
33,1081,527,554,"東成"
34,1117,581,536,"東成"
35,1083,526,557,"東成"
36,1158,563,595,"東成"
37,1058,494,564,"東成"
38,1173,576,597,"東成"
39,1148,571,577,"東成"
40,1334,648,686,"東成"
41,1290,649,641,"東成"
42,1282,623,659,"東成"
43,1271,634,637,"東成"
44,1233,611,622,"東成"
45,1159,586,573,"東成"
46,1142,585,557,"東成"
47,1181,586,595,"東成"
48,940,476,464,"東成"
49,1086,543,543,"東成"
50,1064,507,557,"東成"
51,993,484,509,"東成"
52,954,500,454,"東成"
53,934,490,444,"東成"
54,933,471,462,"東成"
55,860,403,457,"東成"
56,848,392,456,"東成"
57,815,400,415,"東成"
58,821,411,410,"東成"
59,933,453,480,"東成"
60,836,403,433,"東成"
61,928,462,466,"東成"
62,1031,530,501,"東成"
63,1100,509,591,"東成"
64,1189,593,596,"東成"
65,1323,663,660,"東成"
66,1296,666,630,"東成"
67,1265,636,629,"東成"
68,719,364,355,"東成"
69,830,422,408,"東成"
70,979,441,538,"東成"
71,939,407,532,"東成"
72,1015,465,550,"東成"
73,971,413,558,"東成"
74,883,360,523,"東成"
75,775,343,432,"東成"
76,829,377,452,"東成"
77,938,404,534,"東成"
78,825,319,506,"東成"
79,802,326,476,"東成"
80,654,241,413,"東成"
81,731,280,451,"東成"
82,610,245,365,"東成"
83,532,179,353,"東成"
84,476,137,339,"東成"
85,453,173,280,"東成"
86,405,132,273,"東成"
87,395,122,273,"東成"
88,313,107,206,"東成"
89,258,64,194,"東成"
90,192,61,131,"東成"
91,179,60,119,"東成"
92,142,44,98,"東成"
93,128,26,102,"東成"
94,133,19,114,"東成"
95,58,11,47,"東成"
96,67,16,51,"東成"
97,36,10,26,"東成"
98,33,5,28,"東成"
99,14,0,14,"東成"
100,37,7,30,"東成"
0,829,441,388,"生野"
1,831,422,409,"生野"
2,834,420,414,"生野"
3,822,436,386,"生野"
4,842,441,401,"生野"
5,753,404,349,"生野"
6,821,450,371,"生野"
7,824,390,434,"生野"
8,761,397,364,"生野"
9,832,443,389,"生野"
10,850,444,406,"生野"
11,931,447,484,"生野"
12,890,448,442,"生野"
13,1039,532,507,"生野"
14,923,455,468,"生野"
15,1048,537,511,"生野"
16,1125,624,501,"生野"
17,1118,586,532,"生野"
18,1187,614,573,"生野"
19,1309,672,637,"生野"
20,1395,682,713,"生野"
21,1355,707,648,"生野"
22,1456,728,728,"生野"
23,1546,772,774,"生野"
24,1614,825,789,"生野"
25,1626,833,793,"生野"
26,1598,807,791,"生野"
27,1445,733,712,"生野"
28,1618,824,794,"生野"
29,1511,768,743,"生野"
30,1530,800,730,"生野"
31,1503,776,727,"生野"
32,1403,744,659,"生野"
33,1413,724,689,"生野"
34,1360,634,726,"生野"
35,1359,690,669,"生野"
36,1406,695,711,"生野"
37,1581,797,784,"生野"
38,1610,805,805,"生野"
39,1634,890,744,"生野"
40,1827,910,917,"生野"
41,1795,916,879,"生野"
42,1815,948,867,"生野"
43,1724,883,841,"生野"
44,1920,968,952,"生野"
45,1778,875,903,"生野"
46,1836,891,945,"生野"
47,1746,838,908,"生野"
48,1441,746,695,"生野"
49,1764,812,952,"生野"
50,1590,767,823,"生野"
51,1558,813,745,"生野"
52,1501,752,749,"生野"
53,1465,735,730,"生野"
54,1511,716,795,"生野"
55,1511,729,782,"生野"
56,1441,715,726,"生野"
57,1377,730,647,"生野"
58,1434,741,693,"生野"
59,1469,722,747,"生野"
60,1611,769,842,"生野"
61,1681,854,827,"生野"
62,1724,897,827,"生野"
63,1946,983,963,"生野"
64,2084,1047,1037,"生野"
65,2299,1115,1184,"生野"
66,2240,1134,1106,"生野"
67,2215,1088,1127,"生野"
68,1496,744,752,"生野"
69,1547,731,816,"生野"
70,1839,828,1011,"生野"
71,1994,910,1084,"生野"
72,1977,925,1052,"生野"
73,1993,899,1094,"生野"
74,1734,785,949,"生野"
75,1499,636,863,"生野"
76,1536,657,879,"生野"
77,1656,713,943,"生野"
78,1630,694,936,"生野"
79,1515,665,850,"生野"
80,1353,544,809,"生野"
81,1260,498,762,"生野"
82,1155,438,717,"生野"
83,1026,372,654,"生野"
84,955,326,629,"生野"
85,809,273,536,"生野"
86,740,223,517,"生野"
87,634,197,437,"生野"
88,623,137,486,"生野"
89,512,144,368,"生野"
90,405,99,306,"生野"
91,416,108,308,"生野"
92,317,73,244,"生野"
93,265,55,210,"生野"
94,204,36,168,"生野"
95,133,17,116,"生野"
96,124,33,91,"生野"
97,77,6,71,"生野"
98,68,2,66,"生野"
99,53,9,44,"生野"
100,132,15,117,"生野"
0,680,365,315,"旭"
1,657,336,321,"旭"
2,594,300,294,"旭"
3,671,336,335,"旭"
4,621,274,347,"旭"
5,661,360,301,"旭"
6,629,335,294,"旭"
7,626,329,297,"旭"
8,623,309,314,"旭"
9,593,296,297,"旭"
10,638,301,337,"旭"
11,635,318,317,"旭"
12,716,370,346,"旭"
13,733,394,339,"旭"
14,758,399,359,"旭"
15,747,380,367,"旭"
16,783,423,360,"旭"
17,762,417,345,"旭"
18,803,411,392,"旭"
19,791,426,365,"旭"
20,884,452,432,"旭"
21,875,432,443,"旭"
22,876,444,432,"旭"
23,1103,597,506,"旭"
24,1043,544,499,"旭"
25,1139,623,516,"旭"
26,1091,551,540,"旭"
27,1072,554,518,"旭"
28,1036,539,497,"旭"
29,1059,515,544,"旭"
30,1100,553,547,"旭"
31,976,492,484,"旭"
32,1118,538,580,"旭"
33,1015,490,525,"旭"
34,1058,526,532,"旭"
35,1096,541,555,"旭"
36,1097,563,534,"旭"
37,1178,569,609,"旭"
38,1192,628,564,"旭"
39,1225,610,615,"旭"
40,1357,691,666,"旭"
41,1306,639,667,"旭"
42,1430,733,697,"旭"
43,1408,704,704,"旭"
44,1358,660,698,"旭"
45,1257,634,623,"旭"
46,1324,651,673,"旭"
47,1216,606,610,"旭"
48,1015,484,531,"旭"
49,1250,605,645,"旭"
50,1140,558,582,"旭"
51,1079,523,556,"旭"
52,1141,577,564,"旭"
53,1005,500,505,"旭"
54,1045,526,519,"旭"
55,993,467,526,"旭"
56,988,488,500,"旭"
57,932,462,470,"旭"
58,1016,479,537,"旭"
59,944,500,444,"旭"
60,981,512,469,"旭"
61,1108,539,569,"旭"
62,1184,601,583,"旭"
63,1298,649,649,"旭"
64,1361,689,672,"旭"
65,1606,766,840,"旭"
66,1616,798,818,"旭"
67,1575,775,800,"旭"
68,973,474,499,"旭"
69,1034,476,558,"旭"
70,1213,524,689,"旭"
71,1263,570,693,"旭"
72,1281,582,699,"旭"
73,1392,631,761,"旭"
74,1100,486,614,"旭"
75,989,423,566,"旭"
76,1016,428,588,"旭"
77,1043,424,619,"旭"
78,1118,454,664,"旭"
79,1013,419,594,"旭"
80,916,338,578,"旭"
81,912,381,531,"旭"
82,867,375,492,"旭"
83,726,264,462,"旭"
84,649,207,442,"旭"
85,599,204,395,"旭"
86,542,210,332,"旭"
87,470,146,324,"旭"
88,428,135,293,"旭"
89,375,108,267,"旭"
90,280,75,205,"旭"
91,267,53,214,"旭"
92,195,56,139,"旭"
93,132,18,114,"旭"
94,160,33,127,"旭"
95,76,14,62,"旭"
96,61,10,51,"旭"
97,40,4,36,"旭"
98,50,7,43,"旭"
99,44,4,40,"旭"
100,79,14,65,"旭"
0,1451,754,697,"城東"
1,1353,673,680,"城東"
2,1391,733,658,"城東"
3,1388,708,680,"城東"
4,1377,677,700,"城東"
5,1427,758,669,"城東"
6,1424,720,704,"城東"
7,1389,716,673,"城東"
8,1421,714,707,"城東"
9,1331,703,628,"城東"
10,1443,704,739,"城東"
11,1335,686,649,"城東"
12,1478,775,703,"城東"
13,1362,693,669,"城東"
14,1466,744,722,"城東"
15,1484,737,747,"城東"
16,1463,703,760,"城東"
17,1366,682,684,"城東"
18,1475,771,704,"城東"
19,1413,697,716,"城東"
20,1499,698,801,"城東"
21,1461,759,702,"城東"
22,1548,777,771,"城東"
23,1729,799,930,"城東"
24,1777,896,881,"城東"
25,1691,829,862,"城東"
26,1837,892,945,"城東"
27,1845,944,901,"城東"
28,1970,957,1013,"城東"
29,2047,1027,1020,"城東"
30,1997,951,1046,"城東"
31,2157,1072,1085,"城東"
32,2080,984,1096,"城東"
33,2161,1041,1120,"城東"
34,2213,1112,1101,"城東"
35,2215,1080,1135,"城東"
36,2516,1234,1282,"城東"
37,2441,1206,1235,"城東"
38,2579,1247,1332,"城東"
39,2757,1325,1432,"城東"
40,2859,1386,1473,"城東"
41,2954,1418,1536,"城東"
42,2992,1436,1556,"城東"
43,2866,1438,1428,"城東"
44,2794,1371,1423,"城東"
45,2626,1282,1344,"城東"
46,2625,1277,1348,"城東"
47,2494,1214,1280,"城東"
48,1886,937,949,"城東"
49,2305,1149,1156,"城東"
50,2193,1101,1092,"城東"
51,2105,1020,1085,"城東"
52,1977,964,1013,"城東"
53,1849,910,939,"城東"
54,1924,958,966,"城東"
55,1828,878,950,"城東"
56,1751,859,892,"城東"
57,1647,792,855,"城東"
58,1735,851,884,"城東"
59,1646,822,824,"城東"
60,1816,911,905,"城東"
61,1855,894,961,"城東"
62,1984,956,1028,"城東"
63,2184,1070,1114,"城東"
64,2347,1129,1218,"城東"
65,2680,1321,1359,"城東"
66,2673,1288,1385,"城東"
67,2671,1322,1349,"城東"
68,1599,728,871,"城東"
69,1688,784,904,"城東"
70,2134,981,1153,"城東"
71,2018,902,1116,"城東"
72,2156,939,1217,"城東"
73,2109,970,1139,"城東"
74,1794,794,1000,"城東"
75,1559,673,886,"城東"
76,1643,685,958,"城東"
77,1710,687,1023,"城東"
78,1733,726,1007,"城東"
79,1579,616,963,"城東"
80,1385,565,820,"城東"
81,1322,540,782,"城東"
82,1215,453,762,"城東"
83,1043,354,689,"城東"
84,916,366,550,"城東"
85,808,292,516,"城東"
86,671,219,452,"城東"
87,651,232,419,"城東"
88,585,201,384,"城東"
89,444,132,312,"城東"
90,371,101,270,"城東"
91,294,67,227,"城東"
92,234,72,162,"城東"
93,187,35,152,"城東"
94,179,42,137,"城東"
95,107,25,82,"城東"
96,68,16,52,"城東"
97,73,8,65,"城東"
98,44,14,30,"城東"
99,9,0,9,"城東"
100,71,12,59,"城東"
0,1256,622,634,"鶴見"
1,1257,663,594,"鶴見"
2,1195,635,560,"鶴見"
3,1270,667,603,"鶴見"
4,1181,615,566,"鶴見"
5,1155,608,547,"鶴見"
6,1232,635,597,"鶴見"
7,1206,604,602,"鶴見"
8,1143,594,549,"鶴見"
9,1144,586,558,"鶴見"
10,1170,570,600,"鶴見"
11,1175,614,561,"鶴見"
12,1202,622,580,"鶴見"
13,1196,582,614,"鶴見"
14,1188,599,589,"鶴見"
15,1141,565,576,"鶴見"
16,1171,603,568,"鶴見"
17,1124,571,553,"鶴見"
18,1120,567,553,"鶴見"
19,1090,533,557,"鶴見"
20,1006,477,529,"鶴見"
21,1069,505,564,"鶴見"
22,1138,556,582,"鶴見"
23,1011,481,530,"鶴見"
24,1068,531,537,"鶴見"
25,1134,563,571,"鶴見"
26,1170,574,596,"鶴見"
27,1170,517,653,"鶴見"
28,1332,636,696,"鶴見"
29,1279,612,667,"鶴見"
30,1415,665,750,"鶴見"
31,1421,699,722,"鶴見"
32,1485,733,752,"鶴見"
33,1418,670,748,"鶴見"
34,1553,760,793,"鶴見"
35,1568,784,784,"鶴見"
36,1669,782,887,"鶴見"
37,1765,887,878,"鶴見"
38,1824,922,902,"鶴見"
39,1951,936,1015,"鶴見"
40,2050,1007,1043,"鶴見"
41,2017,984,1033,"鶴見"
42,2065,999,1066,"鶴見"
43,2059,983,1076,"鶴見"
44,1963,970,993,"鶴見"
45,2031,997,1034,"鶴見"
46,1888,956,932,"鶴見"
47,1730,811,919,"鶴見"
48,1397,703,694,"鶴見"
49,1669,837,832,"鶴見"
50,1452,710,742,"鶴見"
51,1435,707,728,"鶴見"
52,1339,680,659,"鶴見"
53,1130,532,598,"鶴見"
54,1156,579,577,"鶴見"
55,1165,559,606,"鶴見"
56,1057,540,517,"鶴見"
57,997,484,513,"鶴見"
58,1023,506,517,"鶴見"
59,1043,542,501,"鶴見"
60,1002,465,537,"鶴見"
61,1131,530,601,"鶴見"
62,1099,533,566,"鶴見"
63,1215,570,645,"鶴見"
64,1382,636,746,"鶴見"
65,1489,693,796,"鶴見"
66,1523,686,837,"鶴見"
67,1388,656,732,"鶴見"
68,863,406,457,"鶴見"
69,1041,448,593,"鶴見"
70,1241,563,678,"鶴見"
71,1193,531,662,"鶴見"
72,1293,557,736,"鶴見"
73,1411,598,813,"鶴見"
74,1165,510,655,"鶴見"
75,1016,443,573,"鶴見"
76,1038,431,607,"鶴見"
77,1058,484,574,"鶴見"
78,1044,412,632,"鶴見"
79,935,373,562,"鶴見"
80,816,338,478,"鶴見"
81,799,309,490,"鶴見"
82,668,283,385,"鶴見"
83,635,259,376,"鶴見"
84,524,194,330,"鶴見"
85,454,151,303,"鶴見"
86,421,128,293,"鶴見"
87,350,117,233,"鶴見"
88,290,91,199,"鶴見"
89,240,67,173,"鶴見"
90,167,54,113,"鶴見"
91,137,30,107,"鶴見"
92,130,32,98,"鶴見"
93,102,29,73,"鶴見"
94,96,24,72,"鶴見"
95,50,5,45,"鶴見"
96,57,16,41,"鶴見"
97,25,4,21,"鶴見"
98,32,5,27,"鶴見"
99,19,2,17,"鶴見"
100,58,10,48,"鶴見"
0,874,437,437,"阿倍野"
1,937,465,472,"阿倍野"
2,896,482,414,"阿倍野"
3,906,462,444,"阿倍野"
4,820,406,414,"阿倍野"
5,841,409,432,"阿倍野"
6,868,458,410,"阿倍野"
7,928,460,468,"阿倍野"
8,808,415,393,"阿倍野"
9,835,404,431,"阿倍野"
10,846,428,418,"阿倍野"
11,940,463,477,"阿倍野"
12,958,517,441,"阿倍野"
13,975,480,495,"阿倍野"
14,952,469,483,"阿倍野"
15,978,477,501,"阿倍野"
16,934,474,460,"阿倍野"
17,960,510,450,"阿倍野"
18,997,532,465,"阿倍野"
19,1121,571,550,"阿倍野"
20,1072,502,570,"阿倍野"
21,995,481,514,"阿倍野"
22,1141,563,578,"阿倍野"
23,1377,653,724,"阿倍野"
24,1123,509,614,"阿倍野"
25,1119,542,577,"阿倍野"
26,1195,602,593,"阿倍野"
27,1191,521,670,"阿倍野"
28,1265,580,685,"阿倍野"
29,1256,610,646,"阿倍野"
30,1333,591,742,"阿倍野"
31,1293,592,701,"阿倍野"
32,1275,568,707,"阿倍野"
33,1341,658,683,"阿倍野"
34,1318,630,688,"阿倍野"
35,1351,621,730,"阿倍野"
36,1417,689,728,"阿倍野"
37,1455,644,811,"阿倍野"
38,1549,714,835,"阿倍野"
39,1576,780,796,"阿倍野"
40,1735,816,919,"阿倍野"
41,1849,904,945,"阿倍野"
42,1755,793,962,"阿倍野"
43,1723,856,867,"阿倍野"
44,1751,757,994,"阿倍野"
45,1577,710,867,"阿倍野"
46,1655,805,850,"阿倍野"
47,1631,755,876,"阿倍野"
48,1294,648,646,"阿倍野"
49,1648,768,880,"阿倍野"
50,1540,694,846,"阿倍野"
51,1417,648,769,"阿倍野"
52,1439,694,745,"阿倍野"
53,1415,704,711,"阿倍野"
54,1331,655,676,"阿倍野"
55,1318,621,697,"阿倍野"
56,1233,577,656,"阿倍野"
57,1216,583,633,"阿倍野"
58,1243,611,632,"阿倍野"
59,1244,611,633,"阿倍野"
60,1116,525,591,"阿倍野"
61,1277,634,643,"阿倍野"
62,1262,587,675,"阿倍野"
63,1433,698,735,"阿倍野"
64,1495,718,777,"阿倍野"
65,1699,817,882,"阿倍野"
66,1699,796,903,"阿倍野"
67,1678,776,902,"阿倍野"
68,1010,476,534,"阿倍野"
69,998,434,564,"阿倍野"
70,1260,585,675,"阿倍野"
71,1216,511,705,"阿倍野"
72,1311,572,739,"阿倍野"
73,1424,616,808,"阿倍野"
74,1108,490,618,"阿倍野"
75,1004,375,629,"阿倍野"
76,1029,416,613,"阿倍野"
77,1188,487,701,"阿倍野"
78,1158,421,737,"阿倍野"
79,1100,436,664,"阿倍野"
80,1036,417,619,"阿倍野"
81,932,363,569,"阿倍野"
82,912,345,567,"阿倍野"
83,818,289,529,"阿倍野"
84,695,220,475,"阿倍野"
85,716,266,450,"阿倍野"
86,735,246,489,"阿倍野"
87,510,155,355,"阿倍野"
88,474,138,336,"阿倍野"
89,361,121,240,"阿倍野"
90,326,97,229,"阿倍野"
91,287,73,214,"阿倍野"
92,208,57,151,"阿倍野"
93,200,39,161,"阿倍野"
94,148,30,118,"阿倍野"
95,98,22,76,"阿倍野"
96,73,21,52,"阿倍野"
97,50,13,37,"阿倍野"
98,38,11,27,"阿倍野"
99,42,7,35,"阿倍野"
100,64,17,47,"阿倍野"
0,842,426,416,"住之江"
1,952,486,466,"住之江"
2,917,471,446,"住之江"
3,953,495,458,"住之江"
4,872,448,424,"住之江"
5,902,456,446,"住之江"
6,959,490,469,"住之江"
7,941,474,467,"住之江"
8,923,483,440,"住之江"
9,867,436,431,"住之江"
10,930,469,461,"住之江"
11,886,442,444,"住之江"
12,936,514,422,"住之江"
13,1077,543,534,"住之江"
14,1062,560,502,"住之江"
15,1110,582,528,"住之江"
16,1109,528,581,"住之江"
17,1143,617,526,"住之江"
18,1153,597,556,"住之江"
19,1259,623,636,"住之江"
20,1149,608,541,"住之江"
21,1217,629,588,"住之江"
22,1140,547,593,"住之江"
23,1226,631,595,"住之江"
24,1196,620,576,"住之江"
25,1197,578,619,"住之江"
26,1215,572,643,"住之江"
27,1231,631,600,"住之江"
28,1247,598,649,"住之江"
29,1273,605,668,"住之江"
30,1373,673,700,"住之江"
31,1424,735,689,"住之江"
32,1355,661,694,"住之江"
33,1361,722,639,"住之江"
34,1475,659,816,"住之江"
35,1466,728,738,"住之江"
36,1511,729,782,"住之江"
37,1570,773,797,"住之江"
38,1622,773,849,"住之江"
39,1840,947,893,"住之江"
40,1777,821,956,"住之江"
41,1874,932,942,"住之江"
42,1886,943,943,"住之江"
43,1877,957,920,"住之江"
44,1882,952,930,"住之江"
45,1884,939,945,"住之江"
46,1835,898,937,"住之江"
47,1745,853,892,"住之江"
48,1388,671,717,"住之江"
49,1750,857,893,"住之江"
50,1619,781,838,"住之江"
51,1570,737,833,"住之江"
52,1563,764,799,"住之江"
53,1378,648,730,"住之江"
54,1471,690,781,"住之江"
55,1505,715,790,"住之江"
56,1478,696,782,"住之江"
57,1374,624,750,"住之江"
58,1438,672,766,"住之江"
59,1549,724,825,"住之江"
60,1555,757,798,"住之江"
61,1795,880,915,"住之江"
62,1876,950,926,"住之江"
63,2026,948,1078,"住之江"
64,2200,1097,1103,"住之江"
65,2547,1290,1257,"住之江"
66,2483,1204,1279,"住之江"
67,2304,1126,1178,"住之江"
68,1346,649,697,"住之江"
69,1482,729,753,"住之江"
70,1748,866,882,"住之江"
71,1685,769,916,"住之江"
72,1726,788,938,"住之江"
73,1785,820,965,"住之江"
74,1510,661,849,"住之江"
75,1384,632,752,"住之江"
76,1289,551,738,"住之江"
77,1394,589,805,"住之江"
78,1260,530,730,"住之江"
79,1225,500,725,"住之江"
80,1038,421,617,"住之江"
81,993,416,577,"住之江"
82,947,378,569,"住之江"
83,804,286,518,"住之江"
84,706,254,452,"住之江"
85,676,215,461,"住之江"
86,555,187,368,"住之江"
87,430,160,270,"住之江"
88,451,130,321,"住之江"
89,370,99,271,"住之江"
90,313,76,237,"住之江"
91,224,47,177,"住之江"
92,189,28,161,"住之江"
93,139,42,97,"住之江"
94,134,31,103,"住之江"
95,126,26,100,"住之江"
96,75,14,61,"住之江"
97,66,20,46,"住之江"
98,23,7,16,"住之江"
99,25,0,25,"住之江"
100,49,8,41,"住之江"
0,1210,602,608,"住吉"
1,1221,606,615,"住吉"
2,1175,586,589,"住吉"
3,1270,618,652,"住吉"
4,1143,594,549,"住吉"
5,1148,558,590,"住吉"
6,1223,603,620,"住吉"
7,1169,615,554,"住吉"
8,1120,564,556,"住吉"
9,1188,607,581,"住吉"
10,1150,598,552,"住吉"
11,1166,594,572,"住吉"
12,1301,671,630,"住吉"
13,1237,642,595,"住吉"
14,1327,660,667,"住吉"
15,1328,692,636,"住吉"
16,1422,738,684,"住吉"
17,1458,762,696,"住吉"
18,1405,695,710,"住吉"
19,1521,793,728,"住吉"
20,1529,746,783,"住吉"
21,1569,763,806,"住吉"
22,1567,794,773,"住吉"
23,1795,884,911,"住吉"
24,1718,864,854,"住吉"
25,1719,841,878,"住吉"
26,1892,921,971,"住吉"
27,1830,935,895,"住吉"
28,1861,950,911,"住吉"
29,1762,875,887,"住吉"
30,1852,903,949,"住吉"
31,1860,865,995,"住吉"
32,1859,935,924,"住吉"
33,1853,892,961,"住吉"
34,1839,914,925,"住吉"
35,1882,910,972,"住吉"
36,2031,1002,1029,"住吉"
37,1967,975,992,"住吉"
38,2050,984,1066,"住吉"
39,2124,1024,1100,"住吉"
40,2390,1151,1239,"住吉"
41,2532,1242,1290,"住吉"
42,2356,1146,1210,"住吉"
43,2437,1173,1264,"住吉"
44,2425,1229,1196,"住吉"
45,2458,1140,1318,"住吉"
46,2365,1116,1249,"住吉"
47,2270,1063,1207,"住吉"
48,1891,891,1000,"住吉"
49,2248,1067,1181,"住吉"
50,2220,1066,1154,"住吉"
51,1950,918,1032,"住吉"
52,2002,969,1033,"住吉"
53,1772,887,885,"住吉"
54,1689,855,834,"住吉"
55,1749,822,927,"住吉"
56,1675,837,838,"住吉"
57,1571,741,830,"住吉"
58,1598,772,826,"住吉"
59,1558,763,795,"住吉"
60,1582,782,800,"住吉"
61,1738,852,886,"住吉"
62,1880,897,983,"住吉"
63,2081,982,1099,"住吉"
64,2136,983,1153,"住吉"
65,2570,1248,1322,"住吉"
66,2559,1214,1345,"住吉"
67,2457,1136,1321,"住吉"
68,1531,711,820,"住吉"
69,1555,681,874,"住吉"
70,2053,905,1148,"住吉"
71,2007,891,1116,"住吉"
72,2098,888,1210,"住吉"
73,2032,925,1107,"住吉"
74,1795,760,1035,"住吉"
75,1515,610,905,"住吉"
76,1724,745,979,"住吉"
77,1735,700,1035,"住吉"
78,1757,711,1046,"住吉"
79,1563,597,966,"住吉"
80,1451,569,882,"住吉"
81,1365,514,851,"住吉"
82,1318,509,809,"住吉"
83,1141,423,718,"住吉"
84,981,316,665,"住吉"
85,1012,337,675,"住吉"
86,849,303,546,"住吉"
87,719,227,492,"住吉"
88,694,218,476,"住吉"
89,540,160,380,"住吉"
90,451,127,324,"住吉"
91,383,101,282,"住吉"
92,324,71,253,"住吉"
93,231,40,191,"住吉"
94,235,53,182,"住吉"
95,168,31,137,"住吉"
96,105,10,95,"住吉"
97,90,15,75,"住吉"
98,94,8,86,"住吉"
99,45,11,34,"住吉"
100,108,14,94,"住吉"
0,926,463,463,"東住吉"
1,986,488,498,"東住吉"
2,915,473,442,"東住吉"
3,942,522,420,"東住吉"
4,981,500,481,"東住吉"
5,887,429,458,"東住吉"
6,1005,523,482,"東住吉"
7,931,491,440,"東住吉"
8,941,485,456,"東住吉"
9,986,525,461,"東住吉"
10,1004,533,471,"東住吉"
11,1026,521,505,"東住吉"
12,1124,577,547,"東住吉"
13,1135,592,543,"東住吉"
14,1134,567,567,"東住吉"
15,1125,580,545,"東住吉"
16,1251,628,623,"東住吉"
17,1183,598,585,"東住吉"
18,1216,620,596,"東住吉"
19,1329,697,632,"東住吉"
20,1293,645,648,"東住吉"
21,1187,604,583,"東住吉"
22,1377,657,720,"東住吉"
23,1393,667,726,"東住吉"
24,1399,633,766,"東住吉"
25,1304,603,701,"東住吉"
26,1307,655,652,"東住吉"
27,1422,683,739,"東住吉"
28,1300,625,675,"東住吉"
29,1310,662,648,"東住吉"
30,1474,744,730,"東住吉"
31,1371,658,713,"東住吉"
32,1376,669,707,"東住吉"
33,1478,733,745,"東住吉"
34,1412,647,765,"東住吉"
35,1486,709,777,"東住吉"
36,1543,768,775,"東住吉"
37,1614,781,833,"東住吉"
38,1707,809,898,"東住吉"
39,1775,883,892,"東住吉"
40,1866,921,945,"東住吉"
41,2054,1043,1011,"東住吉"
42,1933,923,1010,"東住吉"
43,1945,942,1003,"東住吉"
44,1992,936,1056,"東住吉"
45,1912,951,961,"東住吉"
46,1976,921,1055,"東住吉"
47,1898,912,986,"東住吉"
48,1576,803,773,"東住吉"
49,1876,936,940,"東住吉"
50,1751,798,953,"東住吉"
51,1708,820,888,"東住吉"
52,1534,768,766,"東住吉"
53,1584,804,780,"東住吉"
54,1521,760,761,"東住吉"
55,1546,761,785,"東住吉"
56,1395,733,662,"東住吉"
57,1321,675,646,"東住吉"
58,1430,672,758,"東住吉"
59,1287,659,628,"東住吉"
60,1419,725,694,"東住吉"
61,1530,756,774,"東住吉"
62,1603,784,819,"東住吉"
63,1768,895,873,"東住吉"
64,1879,958,921,"東住吉"
65,2168,1091,1077,"東住吉"
66,2168,1019,1149,"東住吉"
67,2268,1082,1186,"東住吉"
68,1306,601,705,"東住吉"
69,1467,689,778,"東住吉"
70,1853,868,985,"東住吉"
71,1759,775,984,"東住吉"
72,1882,837,1045,"東住吉"
73,1854,855,999,"東住吉"
74,1597,698,899,"東住吉"
75,1391,625,766,"東住吉"
76,1473,636,837,"東住吉"
77,1578,653,925,"東住吉"
78,1496,612,884,"東住吉"
79,1452,595,857,"東住吉"
80,1198,460,738,"東住吉"
81,1259,476,783,"東住吉"
82,1185,453,732,"東住吉"
83,1057,393,664,"東住吉"
84,932,344,588,"東住吉"
85,822,274,548,"東住吉"
86,769,273,496,"東住吉"
87,664,208,456,"東住吉"
88,562,181,381,"東住吉"
89,439,100,339,"東住吉"
90,468,119,349,"東住吉"
91,310,78,232,"東住吉"
92,275,62,213,"東住吉"
93,146,21,125,"東住吉"
94,208,51,157,"東住吉"
95,114,16,98,"東住吉"
96,77,9,68,"東住吉"
97,61,11,50,"東住吉"
98,64,11,53,"東住吉"
99,58,11,47,"東住吉"
100,61,0,61,"東住吉"
0,1606,811,795,"平野"
1,1592,788,804,"平野"
2,1635,840,795,"平野"
3,1597,807,790,"平野"
4,1563,832,731,"平野"
5,1654,852,802,"平野"
6,1642,856,786,"平野"
7,1658,857,801,"平野"
8,1557,797,760,"平野"
9,1621,815,806,"平野"
10,1835,921,914,"平野"
11,1826,901,925,"平野"
12,1835,941,894,"平野"
13,2016,1041,975,"平野"
14,2001,990,1011,"平野"
15,2112,1074,1038,"平野"
16,2078,1089,989,"平野"
17,2072,1075,997,"平野"
18,2103,1053,1050,"平野"
19,2019,974,1045,"平野"
20,2103,1053,1050,"平野"
21,2079,1009,1070,"平野"
22,2029,1040,989,"平野"
23,2022,997,1025,"平野"
24,1929,897,1032,"平野"
25,1941,1032,909,"平野"
26,1953,926,1027,"平野"
27,2063,1044,1019,"平野"
28,2040,1011,1029,"平野"
29,1896,919,977,"平野"
30,2047,1068,979,"平野"
31,2023,1021,1002,"平野"
32,2053,1035,1018,"平野"
33,1896,950,946,"平野"
34,1944,949,995,"平野"
35,2110,1047,1063,"平野"
36,2236,1118,1118,"平野"
37,2404,1169,1235,"平野"
38,2486,1172,1314,"平野"
39,2803,1372,1431,"平野"
40,3000,1388,1612,"平野"
41,3230,1531,1699,"平野"
42,3340,1652,1688,"平野"
43,3437,1689,1748,"平野"
44,3169,1539,1630,"平野"
45,3395,1623,1772,"平野"
46,3194,1558,1636,"平野"
47,3204,1574,1630,"平野"
48,2645,1281,1364,"平野"
49,3119,1533,1586,"平野"
50,2719,1337,1382,"平野"
51,2677,1313,1364,"平野"
52,2570,1237,1333,"平野"
53,2264,1121,1143,"平野"
54,2178,1130,1048,"平野"
55,2107,1036,1071,"平野"
56,1905,943,962,"平野"
57,1831,907,924,"平野"
58,1738,895,843,"平野"
59,1886,937,949,"平野"
60,1822,878,944,"平野"
61,1961,966,995,"平野"
62,2233,1091,1142,"平野"
63,2403,1152,1251,"平野"
64,2638,1264,1374,"平野"
65,3163,1492,1671,"平野"
66,3253,1471,1782,"平野"
67,3134,1508,1626,"平野"
68,1908,870,1038,"平野"
69,2160,959,1201,"平野"
70,2700,1167,1533,"平野"
71,2683,1202,1481,"平野"
72,3064,1290,1774,"平野"
73,3065,1324,1741,"平野"
74,2687,1132,1555,"平野"
75,2354,1012,1342,"平野"
76,2440,1042,1398,"平野"
77,2385,1018,1367,"平野"
78,2308,955,1353,"平野"
79,2247,961,1286,"平野"
80,1886,721,1165,"平野"
81,1742,711,1031,"平野"
82,1552,584,968,"平野"
83,1362,533,829,"平野"
84,1187,449,738,"平野"
85,984,361,623,"平野"
86,939,326,613,"平野"
87,724,254,470,"平野"
88,655,204,451,"平野"
89,502,157,345,"平野"
90,413,115,298,"平野"
91,377,107,270,"平野"
92,257,68,189,"平野"
93,243,41,202,"平野"
94,226,43,183,"平野"
95,144,13,131,"平野"
96,83,15,68,"平野"
97,65,5,60,"平野"
98,69,16,53,"平野"
99,34,3,31,"平野"
100,101,16,85,"平野"
0,527,290,237,"西成"
1,509,247,262,"西成"
2,487,259,228,"西成"
3,586,298,288,"西成"
4,514,263,251,"西成"
5,563,287,276,"西成"
6,569,300,269,"西成"
7,560,292,268,"西成"
8,524,275,249,"西成"
9,564,304,260,"西成"
10,550,283,267,"西成"
11,594,302,292,"西成"
12,604,344,260,"西成"
13,621,326,295,"西成"
14,633,314,319,"西成"
15,643,348,295,"西成"
16,676,332,344,"西成"
17,708,354,354,"西成"
18,710,378,332,"西成"
19,814,420,394,"西成"
20,865,462,403,"西成"
21,783,409,374,"西成"
22,920,511,409,"西成"
23,942,474,468,"西成"
24,946,508,438,"西成"
25,888,519,369,"西成"
26,968,535,433,"西成"
27,966,534,432,"西成"
28,1001,512,489,"西成"
29,946,506,440,"西成"
30,988,577,411,"西成"
31,925,513,412,"西成"
32,923,496,427,"西成"
33,964,529,435,"西成"
34,1072,576,496,"西成"
35,977,532,445,"西成"
36,1066,611,455,"西成"
37,1048,545,503,"西成"
38,1148,600,548,"西成"
39,1298,745,553,"西成"
40,1418,812,606,"西成"
41,1601,886,715,"西成"
42,1475,837,638,"西成"
43,1470,817,653,"西成"
44,1458,830,628,"西成"
45,1542,933,609,"西成"
46,1514,894,620,"西成"
47,1487,871,616,"西成"
48,1323,812,511,"西成"
49,1540,925,615,"西成"
50,1438,870,568,"西成"
51,1450,912,538,"西成"
52,1315,775,540,"西成"
53,1366,844,522,"西成"
54,1341,856,485,"西成"
55,1388,910,478,"西成"
56,1348,871,477,"西成"
57,1416,901,515,"西成"
58,1535,1010,525,"西成"
59,1625,1108,517,"西成"
60,1774,1233,541,"西成"
61,2034,1405,629,"西成"
62,2085,1416,669,"西成"
63,2317,1591,726,"西成"
64,2791,1952,839,"西成"
65,2872,1960,912,"西成"
66,2895,2010,885,"西成"
67,2925,1983,942,"西成"
68,1860,1300,560,"西成"
69,2120,1436,684,"西成"
70,2519,1666,853,"西成"
71,2461,1647,814,"西成"
72,2559,1656,903,"西成"
73,2565,1712,853,"西成"
74,2286,1454,832,"西成"
75,1846,1138,708,"西成"
76,1948,1162,786,"西成"
77,1906,1102,804,"西成"
78,1854,1082,772,"西成"
79,1754,1002,752,"西成"
80,1403,761,642,"西成"
81,1363,738,625,"西成"
82,1185,583,602,"西成"
83,997,457,540,"西成"
84,834,325,509,"西成"
85,753,328,425,"西成"
86,721,292,429,"西成"
87,535,219,316,"西成"
88,527,192,335,"西成"
89,345,85,260,"西成"
90,316,81,235,"西成"
91,256,56,200,"西成"
92,225,37,188,"西成"
93,165,51,114,"西成"
94,129,21,108,"西成"
95,105,23,82,"西成"
96,79,9,70,"西成"
97,58,21,37,"西成"
98,57,11,46,"西成"
99,34,2,32,"西成"
100,61,0,61,"西成"
